14 -1 14 -1 14 -1 14 -1 14 -1 14 -1 14 -1 9 -1 9 -1 4 -1 4 -1 10 -1 19 -1 19 -1 19 -1 10 -1 11 -1 11 -1 9 -1 9 -1 9 -1 9 -1 4 -1 4 -1 15 -1 4 -1 9 -1 9 -1 9 -1 9 -1 9 -1 9 -1 10 -1 9 -1 9 -1 9 -1 10 -1 9 -1 9 -1 10 -1 11 -1 11 -1 9 -1 10 -1 9 -1 14 -1 14 -1 9 -1 19 -1 10 -1 11 -1 9 -1 9 -1 9 -1 9 -1 10 -1 9 -1 4 -1 10 -1 15 -1 4 -1 10 -1 11 -1 13 -1 -2
14 -1 14 -1 14 -1 14 -1 1 -1 9 -1 9 -1 9 -1 9 -1 9 -1 4 -1 4 -1 4 -1 9 -1 10 -1 9 -1 4 -1 4 -1 10 -1 9 -1 9 -1 9 -1 1 -1 1 -1 10 -1 1 -1 10 -1 11 -1 9 -1 9 -1 9 -1 14 -1 9 -1 9 -1 19 -1 10 -1 9 -1 4 -1 10 -1 11 -1 13 -1 -2
14 -1 9 -1 19 -1 19 -1 19 -1 19 -1 19 -1 19 -1 19 -1 19 -1 19 -1 19 -1 19 -1 9 -1 9 -1 9 -1 9 -1 1 -1 14 -1 11 -1 11 -1 11 -1 11 -1 11 -1 11 -1 9 -1 9 -1 9 -1 9 -1 4 -1 15 -1 4 -1 10 -1 9 -1 4 -1 10 -1 15 -1 9 -1 9 -1 9 -1 15 -1 9 -1 9 -1 9 -1 9 -1 9 -1 9 -1 10 -1 15 -1 10 -1 9 -1 9 -1 9 -1 9 -1 9 -1 4 -1 10 -1 11 -1 9 -1 9 -1 9 -1 9 -1 10 -1 15 -1 9 -1 4 -1 10 -1 9 -1 9 -1 9 -1 10 -1 15 -1 10 -1 11 -1 13 -1 -2
14 -1 14 -1 14 -1 14 -1 14 -1 14 -1 1 -1 1 -1 14 -1 14 -1 14 -1 14 -1 14 -1 14 -1 9 -1 9 -1 9 -1 10 -1 15 -1 9 -1 9 -1 10 -1 15 -1 10 -1 10 -1 11 -1 11 -1 11 -1 11 -1 9 -1 9 -1 9 -1 9 -1 9 -1 10 -1 15 -1 9 -1 4 -1 10 -1 9 -1 9 -1 9 -1 9 -1 9 -1 9 -1 10 -1 10 -1 11 -1 13 -1 -2
18 -1 18 -1 18 -1 18 -1 18 -1 18 -1 18 -1 18 -1 18 -1 18 -1 18 -1 10 -1 19 -1 19 -1 4 -1 10 -1 11 -1 11 -1 18 -1 18 -1 18 -1 18 -1 18 -1 18 -1 10 -1 18 -1 18 -1 18 -1 18 -1 18 -1 18 -1 10 -1 15 -1 10 -1 10 -1 11 -1 18 -1 18 -1 18 -1 18 -1 18 -1 18 -1 18 -1 18 -1 18 -1 18 -1 18 -1 10 -1 18 -1 13 -1 -2
16 -1 16 -1 14 -1 14 -1 14 -1 12 -1 8 -1 12 -1 12 -1 9 -1 12 -1 8 -1 8 -1 4 -1 10 -1 9 -1 12 -1 0 -1 0 -1 0 -1 0 -1 12 -1 9 -1 6 -1 10 -1 11 -1 11 -1 11 -1 6 -1 6 -1 6 -1 6 -1 6 -1 6 -1 15 -1 6 -1 4 -1 4 -1 10 -1 11 -1 11 -1 11 -1 11 -1 6 -1 6 -1 6 -1 6 -1 9 -1 9 -1 9 -1 4 -1 10 -1 11 -1 13 -1 -2
14 -1 14 -1 19 -1 19 -1 19 -1 19 -1 19 -1 19 -1 14 -1 8 -1 8 -1 8 -1 4 -1 8 -1 8 -1 10 -1 11 -1 6 -1 6 -1 9 -1 10 -1 15 -1 4 -1 4 -1 10 -1 15 -1 15 -1 4 -1 10 -1 6 -1 6 -1 4 -1 10 -1 10 -1 11 -1 11 -1 11 -1 11 -1 9 -1 6 -1 6 -1 9 -1 4 -1 4 -1 10 -1 6 -1 6 -1 4 -1 10 -1 15 -1 4 -1 4 -1 10 -1 11 -1 13 -1 -2
14 -1 14 -1 19 -1 19 -1 19 -1 19 -1 8 -1 8 -1 4 -1 4 -1 8 -1 8 -1 8 -1 8 -1 8 -1 4 -1 10 -1 8 -1 8 -1 4 -1 4 -1 10 -1 11 -1 11 -1 19 -1 19 -1 19 -1 19 -1 19 -1 19 -1 19 -1 19 -1 19 -1 19 -1 19 -1 19 -1 19 -1 19 -1 4 -1 10 -1 11 -1 11 -1 11 -1 9 -1 12 -1 9 -1 9 -1 4 -1 10 -1 15 -1 9 -1 9 -1 9 -1 10 -1 15 -1 15 -1 9 -1 4 -1 4 -1 4 -1 10 -1 9 -1 4 -1 4 -1 15 -1 10 -1 11 -1 13 -1 -2
14 -1 14 -1 14 -1 1 -1 12 -1 14 -1 4 -1 12 -1 10 -1 11 -1 11 -1 14 -1 9 -1 9 -1 9 -1 9 -1 9 -1 9 -1 9 -1 9 -1 4 -1 4 -1 10 -1 15 -1 4 -1 4 -1 4 -1 10 -1 9 -1 9 -1 9 -1 9 -1 9 -1 4 -1 10 -1 11 -1 11 -1 11 -1 9 -1 9 -1 10 -1 9 -1 12 -1 10 -1 15 -1 10 -1 11 -1 13 -1 -2
16 -1 16 -1 16 -1 16 -1 16 -1 8 -1 8 -1 14 -1 14 -1 8 -1 8 -1 8 -1 8 -1 12 -1 8 -1 4 -1 10 -1 11 -1 14 -1 14 -1 9 -1 9 -1 9 -1 1 -1 4 -1 10 -1 1 -1 1 -1 4 -1 10 -1 11 -1 13 -1 -2
14 -1 12 -1 14 -1 19 -1 19 -1 8 -1 8 -1 1 -1 12 -1 11 -1 12 -1 12 -1 12 -1 12 -1 12 -1 12 -1 1 -1 1 -1 1 -1 1 -1 12 -1 12 -1 12 -1 12 -1 1 -1 1 -1 12 -1 11 -1 11 -1 1 -1 1 -1 1 -1 12 -1 12 -1 1 -1 1 -1 1 -1 1 -1 1 -1 1 -1 1 -1 1 -1 12 -1 12 -1 1 -1 1 -1 12 -1 1 -1 12 -1 15 -1 15 -1 12 -1 11 -1 13 -1 -2
14 -1 14 -1 14 -1 14 -1 19 -1 19 -1 8 -1 14 -1 19 -1 12 -1 0 -1 0 -1 0 -1 0 -1 0 -1 0 -1 0 -1 14 -1 19 -1 19 -1 12 -1 9 -1 4 -1 10 -1 11 -1 11 -1 12 -1 12 -1 12 -1 12 -1 12 -1 4 -1 4 -1 12 -1 15 -1 12 -1 12 -1 9 -1 4 -1 10 -1 11 -1 11 -1 12 -1 17 -1 17 -1 12 -1 12 -1 4 -1 12 -1 12 -1 12 -1 9 -1 9 -1 10 -1 17 -1 17 -1 12 -1 12 -1 12 -1 12 -1 12 -1 9 -1 4 -1 4 -1 15 -1 4 -1 12 -1 11 -1 11 -1 11 -1 11 -1 11 -1 11 -1 11 -1 11 -1 6 -1 6 -1 6 -1 6 -1 6 -1 -2
14 -1 14 -1 12 -1 12 -1 5 -1 5 -1 5 -1 5 -1 5 -1 5 -1 5 -1 5 -1 5 -1 5 -1 5 -1 5 -1 5 -1 5 -1 5 -1 5 -1 5 -1 5 -1 9 -1 1 -1 12 -1 5 -1 8 -1 10 -1 12 -1 5 -1 5 -1 5 -1 5 -1 5 -1 5 -1 5 -1 5 -1 5 -1 5 -1 5 -1 5 -1 5 -1 5 -1 5 -1 5 -1 5 -1 5 -1 5 -1 5 -1 11 -1 12 -1 12 -1 9 -1 9 -1 9 -1 12 -1 4 -1 10 -1 4 -1 10 -1 11 -1 9 -1 1 -1 12 -1 9 -1 9 -1 9 -1 10 -1 9 -1 10 -1 10 -1 11 -1 13 -1 -2
12 -1 8 -1 8 -1 8 -1 8 -1 8 -1 8 -1 8 -1 8 -1 8 -1 8 -1 8 -1 8 -1 8 -1 8 -1 1 -1 12 -1 11 -1 13 -1 -2
14 -1 14 -1 14 -1 14 -1 19 -1 19 -1 19 -1 19 -1 19 -1 19 -1 9 -1 14 -1 14 -1 11 -1 11 -1 14 -1 14 -1 9 -1 9 -1 9 -1 9 -1 4 -1 15 -1 4 -1 9 -1 9 -1 4 -1 9 -1 9 -1 10 -1 9 -1 10 -1 11 -1 11 -1 11 -1 11 -1 11 -1 11 -1 19 -1 19 -1 19 -1 19 -1 9 -1 4 -1 10 -1 10 -1 11 -1 11 -1 11 -1 9 -1 4 -1 6 -1 6 -1 6 -1 6 -1 6 -1 6 -1 6 -1 15 -1 6 -1 4 -1 9 -1 9 -1 4 -1 4 -1 10 -1 11 -1 13 -1 -2
14 -1 12 -1 8 -1 8 -1 8 -1 8 -1 8 -1 12 -1 8 -1 8 -1 8 -1 8 -1 8 -1 8 -1 8 -1 10 -1 12 -1 11 -1 11 -1 11 -1 19 -1 19 -1 12 -1 11 -1 11 -1 12 -1 12 -1 12 -1 12 -1 12 -1 12 -1 12 -1 12 -1 1 -1 12 -1 15 -1 12 -1 12 -1 12 -1 12 -1 12 -1 12 -1 12 -1 12 -1 4 -1 12 -1 12 -1 12 -1 12 -1 12 -1 11 -1 13 -1 -2
12 -1 8 -1 8 -1 8 -1 8 -1 8 -1 8 -1 8 -1 1 -1 12 -1 12 -1 12 -1 5 -1 5 -1 5 -1 5 -1 12 -1 12 -1 12 -1 12 -1 12 -1 12 -1 12 -1 4 -1 4 -1 12 -1 11 -1 11 -1 12 -1 12 -1 12 -1 12 -1 12 -1 12 -1 12 -1 12 -1 12 -1 12 -1 12 -1 12 -1 12 -1 12 -1 12 -1 1 -1 12 -1 15 -1 12 -1 12 -1 12 -1 12 -1 12 -1 1 -1 12 -1 15 -1 12 -1 15 -1 15 -1 4 -1 12 -1 11 -1 13 -1 -2
12 -1 12 -1 8 -1 8 -1 8 -1 8 -1 8 -1 12 -1 8 -1 12 -1 12 -1 11 -1 12 -1 12 -1 12 -1 4 -1 12 -1 1 -1 12 -1 11 -1 11 -1 12 -1 12 -1 12 -1 12 -1 12 -1 12 -1 12 -1 6 -1 6 -1 6 -1 10 -1 15 -1 4 -1 10 -1 11 -1 13 -1 -2
14 -1 14 -1 14 -1 14 -1 14 -1 14 -1 9 -1 9 -1 15 -1 9 -1 9 -1 9 -1 4 -1 5 -1 5 -1 10 -1 4 -1 4 -1 10 -1 11 -1 11 -1 9 -1 4 -1 15 -1 4 -1 15 -1 4 -1 15 -1 15 -1 4 -1 10 -1 11 -1 9 -1 9 -1 9 -1 9 -1 9 -1 9 -1 9 -1 4 -1 4 -1 10 -1 9 -1 9 -1 10 -1 9 -1 9 -1 9 -1 9 -1 4 -1 4 -1 10 -1 10 -1 11 -1 13 -1 -2
12 -1 15 -1 1 -1 12 -1 15 -1 15 -1 12 -1 8 -1 8 -1 8 -1 8 -1 8 -1 8 -1 8 -1 8 -1 1 -1 12 -1 11 -1 13 -1 -2
18 -1 18 -1 18 -1 18 -1 18 -1 18 -1 18 -1 9 -1 18 -1 18 -1 19 -1 19 -1 15 -1 10 -1 9 -1 10 -1 10 -1 18 -1 18 -1 18 -1 18 -1 18 -1 18 -1 18 -1 14 -1 14 -1 14 -1 14 -1 14 -1 14 -1 14 -1 9 -1 9 -1 9 -1 9 -1 10 -1 9 -1 4 -1 10 -1 9 -1 9 -1 10 -1 15 -1 10 -1 10 -1 15 -1 15 -1 10 -1 4 -1 4 -1 10 -1 4 -1 10 -1 11 -1 11 -1 14 -1 9 -1 9 -1 6 -1 9 -1 10 -1 15 -1 10 -1 15 -1 15 -1 10 -1 9 -1 9 -1 10 -1 9 -1 9 -1 4 -1 10 -1 11 -1 13 -1 -2
14 -1 8 -1 8 -1 5 -1 5 -1 1 -1 1 -1 1 -1 12 -1 12 -1 1 -1 1 -1 1 -1 5 -1 5 -1 5 -1 4 -1 12 -1 11 -1 13 -1 -2
19 -1 19 -1 19 -1 19 -1 19 -1 19 -1 19 -1 19 -1 19 -1 19 -1 4 -1 14 -1 19 -1 19 -1 4 -1 10 -1 15 -1 10 -1 9 -1 10 -1 11 -1 6 -1 6 -1 6 -1 9 -1 10 -1 15 -1 10 -1 15 -1 4 -1 10 -1 15 -1 15 -1 4 -1 4 -1 6 -1 6 -1 6 -1 6 -1 6 -1 9 -1 4 -1 4 -1 10 -1 19 -1 4 -1 10 -1 11 -1 13 -1 -2
14 -1 4 -1 0 -1 0 -1 0 -1 0 -1 4 -1 0 -1 0 -1 0 -1 0 -1 4 -1 4 -1 10 -1 15 -1 4 -1 10 -1 14 -1 14 -1 14 -1 9 -1 9 -1 9 -1 9 -1 4 -1 10 -1 9 -1 9 -1 9 -1 4 -1 10 -1 15 -1 4 -1 4 -1 10 -1 4 -1 10 -1 17 -1 17 -1 9 -1 4 -1 10 -1 9 -1 9 -1 9 -1 9 -1 9 -1 10 -1 9 -1 9 -1 4 -1 4 -1 10 -1 17 -1 17 -1 9 -1 4 -1 4 -1 10 -1 9 -1 9 -1 9 -1 9 -1 9 -1 9 -1 10 -1 9 -1 9 -1 9 -1 9 -1 4 -1 4 -1 10 -1 10 -1 17 -1 17 -1 9 -1 4 -1 10 -1 9 -1 -2
18 -1 18 -1 18 -1 18 -1 18 -1 18 -1 1 -1 18 -1 18 -1 18 -1 18 -1 18 -1 18 -1 18 -1 18 -1 18 -1 19 -1 18 -1 18 -1 18 -1 18 -1 6 -1 6 -1 6 -1 6 -1 6 -1 6 -1 11 -1 6 -1 6 -1 6 -1 6 -1 6 -1 6 -1 6 -1 6 -1 6 -1 15 -1 10 -1 10 -1 11 -1 18 -1 18 -1 18 -1 18 -1 18 -1 4 -1 4 -1 15 -1 4 -1 8 -1 10 -1 18 -1 18 -1 18 -1 18 -1 18 -1 18 -1 18 -1 18 -1 18 -1 18 -1 18 -1 18 -1 18 -1 11 -1 13 -1 -2
